277,5
257,2
307,4
54,6
322,5
322,4
98,4
4294967278,255
4294967279,231
87,2
304,6
323,4
7,4
89,4
4294967278,251
62,2
4294967278,370
51,2
4294967278,325
4294967278,249
4294967279,311
4294967278,247
122,4
283,2
4294967278,438
180,5
180,2
248,4
247,4
5,2
261,2
261,4
323,5
313,5
313,4
295,4
304,4
4294967294,1467
315,5
257,4
306,5
320,4
182,6
182,5
182,2
182,4
276,4
406,4
4294967278,14
130,2
294,10
294,9
294,8
294,7
294,6
294,5
294,4
4294967279,310
129,2
87,5
87,4
4294967278,245
4294967294,1422
472,8
472,7
472,6
472,5
472,4
472,3
472,2
472,1
4294967279,298
4294967278,241
4294967278,26
4294967278,385
4294967278,135
4294967278,134
4294967279,133
4294967278,133
4294967278,268
4294967278,269
4294967278,282
4294967279,270
4294967279,428
4294967294,1170
4294967279,267
123,2
123,4
4294967279,265
4294967279,264
467,4
467,3
467,2
467,1
4294967279,436
4294967278,309
254,3
4294967278,446
4294967279,567
4294967278,239
4294967278,444
4294967294,475
70,3
4294967279,241
113,3
131,3
4294967278,238
321,3
4294967294,507
4294967278,348
4294967294,1455
4294967294,112
4294967278,443
4294967278,203
4294967278,441
4294967278,18
4294967278,11
4294967279,300
4294967279,418
4294967279,437
4294967279,8
4294967278,231
4294967279,307
466,67
466,0
4294967279,423
4294967279,563
4294967279,304
4294967278,229
4294967278,227
4294967278,353
277,4
277,3
276,3
4294967278,225
4294967294,1542
4294967279,303
4294967278,436
4294967279,564
409,71
466,134
466,74
466,14
409,70
466,133
466,73
466,40
409,69
466,132
466,72
466,69
466,71
409,68
466,131
466,70
466,47
466,49
409,67
466,68
466,18
466,130
466,129
409,65
466,66
466,128
466,65
466,64
409,38
466,63
466,62
466,61
466,34
466,60
466,27
409,36
466,59
466,58
466,19
466,57
466,56
466,32
466,55
466,54
466,11
466,53
466,52
466,30
466,51
466,12
466,50
409,32
466,48
466,20
466,29
466,46
466,45
466,44
409,30
466,43
466,42
466,15
466,41
409,27
466,39
466,38
409,25
466,37
466,36
409,23
466,35
466,33
466,31
466,28
466,26
409,18
466,25
466,24
466,23
409,16
466,22
466,21
409,14
466,17
466,16
466,6
409,12
466,13
466,5
466,10
466,9
466,8
466,7
409,8
176,6
176,5
176,2
176,4
466,4
466,3
466,2
466,1
4294967279,302
4294967294,1468
4294967279,384
4294967294,1471
409,4
11,3
4294967278,174
4294967279,565
465,8
465,7
465,6
465,5
465,4
465,3
465,2
465,1
4294967278,294
4294967294,488
4294967278,242
464,5
464,4
464,3
464,2
464,1
4294967279,235
4294967278,318
4294967278,372
463,6
463,5
463,4
463,3
463,2
463,1
4294967279,536
4294967278,342
4294967279,215
4294967278,219
4294967279,225
462,5
462,4
462,3
462,2
462,1
4294967279,554
4294967278,217
4294967294,1463
461,5
461,4
461,3
461,2
461,1
4294967278,215
4294967278,186
4294967278,119
4294967278,108
4294967278,104
4294967278,101
4294967278,98
4294967278,91
4294967278,87
4294967279,566
4294967278,170
4294967278,383
4294967294,1459
4294967294,392
4294967279,398
4294967279,562
4294967278,381
4294967278,321
4294967278,437
4294967278,435
4294967279,557
4294967279,256
4294967278,434
4294967278,304
4294967294,1458
4294967294,153
4294967294,464
4294967294,459
4294967294,448
4294967294,175
4294967278,248
4294967278,275
4294967278,379
4294967279,301
4294967278,395
4294967278,427
4294967279,299
4294967294,389
4294967294,120
4294967279,297
4294967294,1073
4294967294,1065
4294967278,169
4294967278,159
4294967279,149
4294967279,296
4294967278,376
409,48
409,61
4294967279,273
4294967279,287
4294967279,262
4294967279,284
4294967278,308
4294967279,391
4294967279,390
124,2
124,4
5,3
4294967278,299
4294967279,386
4294967279,558
4294967278,246
4294967294,1446
4294967278,244
4294967279,283
443,6
443,5
4294967278,236
443,4
443,3
443,2
443,1
4294967278,234
4294967278,228
4294967278,122
4294967278,378
441,6
441,5
441,4
441,3
441,2
441,1
4294967294,1461
4294967278,377
4294967294,484
4294967279,295
4294967279,88
439,6
439,5
439,4
439,3
439,2
439,1
4294967279,219
437,5
437,4
437,3
437,2
437,1
4294967294,483
4294967294,1420
4294967278,341
436,6
436,5
436,4
436,3
436,2
436,1
4294967278,168
4294967294,1466
4294967278,157
402,21
4294967278,375
4294967278,374
434,6
434,5
434,4
434,3
434,2
434,1
433,6
433,5
433,4
433,3
433,2
433,1
4294967279,293
4294967279,292
432,5
432,4
432,3
432,2
432,1
4294967294,178
4294967294,157
4294967294,599
4294967294,412
4294967294,450
4294967294,408
431,6
431,5
431,4
431,3
431,2
431,1
4294967294,1152
4294967294,173
430,6
430,5
430,4
430,3
430,2
430,1
4294967279,427
429,6
429,5
429,4
429,3
429,2
429,1
4294967279,291
4294967278,194
4294967294,430
4294967294,1454
4294967278,184
4294967278,183
4294967279,555
4294967278,171
4294967278,316
4294967278,158
4294967279,290
4294967278,154
4294967278,417
421,5
421,4
421,3
421,2
421,1
4294967279,556
4294967294,407
4294967294,168
4294967294,403
4294967294,425
4294967294,465
4294967294,180
4294967294,387
294,3
4294967294,482
4294967294,439
4294967294,1157
4294967294,170
4294967294,176
4294967279,289
4294967294,504
4294967278,151
402,20
402,19
402,5
409,57
409,5
4294967279,286
4294967294,1430
335,0
280,3
239,3
4294967294,0
4294967294,156
4294967294,1452
4294967294,1457
4294967279,285
402,18
402,17
4294967279,276
402,16
402,15
4294967278,317
4294967278,368
4294967278,129
4294967278,128
4294967278,126
4294967278,125
4294967278,121
4294967278,118
4294967278,115
4294967278,112
4294967278,109
4294967278,106
4294967278,83
4294967278,73
4294967278,66
4294967278,366
4294967278,365
4294967278,362
4294967278,363
4294967279,546
4294967278,359
4294967278,361
4294967279,435
4294967278,285
4294967279,533
4294967278,431
4294967279,261
4294967278,360
4294967279,251
4294967278,297
4294967279,550
4294967279,247
4294967279,239
4294967278,358
4294967279,528
4294967279,229
4294967278,357
4294967278,356
4294967279,549
402,14
4294967278,46
4294967278,43
4294967278,40
4294967279,20
4294967278,262
4294967278,345
4294967279,217
4294967278,367
4294967279,444
4294967279,447
4294967279,417
414,4
414,3
414,2
414,1
4294967278,392
413,5
413,4
413,3
413,2
413,1
4294967294,1419
4294967294,1426
411,5
411,4
411,3
411,2
411,1
129,4
129,5
88,4
4294967279,266
4294967279,263
4294967278,305
402,13
409,66
409,35
409,21
4294967294,390
4294967294,115
4294967294,29
4294967279,400
4294967279,260
4294967278,409
110,8
110,0
4294967279,272
156,9
156,0
4294967294,1162
4294967294,190
4294967278,131
4294967278,430
4294967279,174
4294967279,259
4294967278,132
4294967278,130
4294967278,429
4294967279,389
408,6
408,5
408,4
408,3
408,2
408,1
4294967294,1428
4294967279,544
4294967278,352
4294967294,396
4294967294,400
4294967294,421
4294967294,1083
4294967294,416
4294967294,406
4294967294,108
4294967294,470
4294967278,349
4294967279,539
407,7
407,6
407,5
407,4
407,3
407,2
407,1
406,5
406,3
406,2
406,1
4294967294,388
4294967294,479
4294967294,89
4294967294,1158
4294967294,185
4294967279,553
4294967278,347
4294967294,1447
4294967279,404
4294967294,426
4294967294,1437
4294967294,183
4294967294,111
4294967279,305
159,2
62,4
4294967278,127
4294967278,124
384,40
384,47
384,131
384,67
4294967278,301
4294967278,254
4294967278,253
4294967279,234
4294967278,232
4294967278,230
4294967278,224
4294967278,222
4294967278,220
4294967278,218
4294967278,213
4294967278,212
4294967278,211
4294967278,210
4294967278,207
4294967278,206
4294967278,205
4294967278,204
4294967278,201
4294967278,200
4294967278,199
4294967278,198
4294967278,189
4294967278,188
4294967278,187
402,12
402,11
4294967279,548
402,10
4294967279,543
89,3
4294967279,446
4294967294,476
4294967279,425
405,5
405,4
405,3
405,2
405,1
4294967279,431
4294967279,413
4294967279,545
258,4
4294967294,1423
4294967294,1540
4294967294,53
4294967294,44
403,4
403,3
403,2
403,1
291,4
4294967279,552
10,2
10,4
4294967278,181
4294967278,178
4294967278,177
4294967278,176
158,2
4294967294,10
4294967294,402
4294967294,162
4294967294,1425
101,6
101,2
101,4
51,4
51,5
54,4
4294967294,474
4294967294,42
4294967294,43
48,4
384,130
384,129
384,0
384,128
4294967279,422
174,6
174,5
174,2
384,64
384,62
384,35
384,60
384,59
384,19
384,33
384,55
384,11
384,54
384,53
384,31
384,52
384,12
384,50
384,20
384,49
8,2
8,4
384,43
384,15
384,41
384,38
384,34
172,7
172,6
172,5
172,2
172,4
384,28
384,25
384,23
384,22
179,5
179,2
